2056 2068 75600 75648 311920 311968
2056 2072 75568 75648 311808 311888
2056 2064 75568 75584 312048 312080
2072 2088 75024 75168 311168 311232
2072 2092 75632 75712 310960 311040
2072 2084 75632 75664 310928 310960
2084 2096 75504 75568 311296 311328
2060 2068 77648 77680 309680 309712
2096 2108 76128 76272 310464 310528
2136 2176 75488 75584 312368 312480
2140 2152 75488 75536 312336 312368
2200 2216 75552 75616 312496 312528
2352 2364 75840 75904 312672 312704
2372 2408 75856 75936 312592 312688
2376 2396 76176 76320 312688 312736
2388 2396 76096 76160 312544 312592
2392 2424 76032 76192 312512 312608
2392 2404 76272 76304 312576 312608
2468 2488 75728 75760 312784 312832
2492 2512 75744 75808 312464 312512
2492 2508 75728 75776 312992 313024
2484 2512 75776 75840 312496 312576
2456 2464 76560 76576 312288 312304
2468 2488 76640 76720 312304 312368
2492 2504 76032 76144 312256 312336
2412 2424 76464 76512 312704 312736
2416 2432 75872 75936 312608 312640
2420 2432 76448 76496 312496 312528
2424 2436 76320 76368 312976 313008
2428 2436 75952 75984 313008 313040
2428 2428 75792 75792 312784 312784
2428 2428 75808 75808 312784 312784
2432 2432 75808 75808 312784 312784
2436 2452 75856 75904 312528 312560
2456 2488 76784 76928 312752 312816
2460 2472 75792 75840 312528 312560
2468 2472 76304 76336 313120 313136
2468 2488 76128 76192 313168 313216
2472 2488 76864 76928 312864 312896
2484 2496 76944 77008 312656 312688
2484 2504 76208 76272 313200 313248
2488 2496 76048 76096 313248 313280
2488 2504 76352 76400 313200 313232
2496 2516 76752 76832 312288 312336
2468 2480 79168 79232 308576 308704
2476 2504 78528 78624 309248 309344
2460 2468 79456 79504 310592 310608
2516 2532 75744 75792 312496 312528
2556 2604 75744 75824 312944 313008
2568 2576 75712 75744 312624 312656
2580 2604 75760 75904 313024 313104
2588 2600 75632 75696 314656 314752
2588 2588 75664 75664 314656 314656
2500 2504 76368 76400 312176 312192
2504 2520 76704 76752 312224 312256
2508 2524 76032 76064 312240 312288
2508 2516 76320 76352 312160 312192
2532 2548 76528 76592 312080 312112
2532 2556 76624 76704 312112 312176
2548 2560 76704 76752 312192 312224
2552 2568 76016 76112 312144 312208
2552 2568 76512 76560 312080 312144
2556 2568 76592 76640 312144 312176
2564 2572 76176 76208 312064 312096
2580 2596 76368 76432 312048 312112
2576 2576 76528 76528 311984 311984
2576 2576 76544 76544 311984 312000
2592 2608 76704 76768 311984 312016
2596 2608 76784 76832 312144 312192
2504 2520 76704 76768 313104 313152
2500 2516 76864 76944 312928 312960
2512 2516 76240 76288 313248 313280
2516 2552 76016 76256 313264 313344
2536 2548 76960 77008 312896 312928
2548 2568 76416 76496 313312 313376
2556 2572 75808 75856 312336 312384
2556 2568 76368 76416 313472 313504
2556 2568 76496 76528 313760 313776
2556 2580 76576 76688 313280 313344
2560 2584 76992 77072 312416 312496
2560 2580 76896 76960 312960 313040
2564 2564 76288 76288 313408 313408
2576 2576 76560 76560 313312 313312
2580 2600 76464 76672 313200 313376
2588 2604 76976 77040 312400 312448
2588 2608 76832 76912 313104 313168
2592 2604 77040 77104 312704 312736
2584 2592 75776 75824 314560 314608
2584 2592 75776 75840 314640 314688
2504 2520 79312 79360 308240 308288
2512 2528 78240 78304 309472 309520
2564 2576 77920 78000 309680 309728
2600 2604 75728 75760 314640 314688
2572 2612 76992 77104 312528 312704
2628 2640 73648 73680 317184 317216
2636 2648 73600 73648 317232 317264
2640 2648 73552 73584 317280 317312
2604 2632 75776 75984 312928 312960
2620 2648 75728 75840 312608 312736
2652 2664 75760 75792 312896 312928
2672 2700 75744 75824 312624 312704
2680 2688 75760 75808 312528 312560
2684 2716 75744 75792 312816 312880
2684 2696 75744 75792 312720 312768
2604 2616 74592 74672 316272 316400
2612 2620 75184 75216 315408 315488
2600 2616 74240 74336 316768 316832
2604 2616 74336 74384 316688 316752
2608 2624 74272 74416 316720 316768
2612 2616 73952 73984 316976 316992
2632 2648 77440 77504 310016 310064
2644 2648 77408 77440 310096 310128
2612 2620 76640 76672 311968 311984
2612 2620 76064 76096 312096 312112
2616 2628 76768 76848 311888 311936
2616 2620 75840 75872 312272 312288
2616 2624 76832 76864 312144 312176
2624 2656 76704 76800 311808 311888
2624 2636 76704 76752 311920 311968
2624 2648 76848 76928 312016 312096
2632 2640 77360 77392 311360 311376
2632 2652 76912 76976 311792 311840
2636 2648 76960 76992 311728 311776
2636 2648 76608 76672 311840 311888
2636 2652 76160 76304 311984 312048
2640 2648 76944 76976 312000 312016
2644 2656 76992 77040 311696 311728
2644 2652 76864 76896 311744 311760
2644 2660 77040 77120 311648 311680
2644 2668 76304 76432 311968 312000
2644 2668 76848 76912 312096 312144
2648 2656 76816 76848 311712 311744
2648 2660 76928 76960 311760 311776
2648 2684 76816 76928 311968 312032
2652 2660 77328 77360 311568 311600
2652 2668 76768 76832 311664 311728
2656 2684 76128 76192 312000 312064
2656 2668 76928 76976 310352 310432
2656 2676 76144 76256 312080 312192
2656 2672 76768 76816 312112 312160
2660 2668 76736 76768 311744 311760
2660 2684 76768 76928 311856 311952
2664 2680 76672 76768 310720 310800
2668 2680 76800 76832 310704 310736
2672 2684 76848 76896 312240 312272
2680 2708 75888 76000 312256 312336
2680 2688 76064 76096 312144 312176
2680 2696 76736 76800 311888 311936
2680 2696 76032 76096 312256 312304
2688 2696 76256 76272 312144 312160
2692 2704 76096 76160 312192 312224
2604 2620 76272 76352 313200 313248
2604 2620 76992 77056 312736 312784
2612 2620 76320 76352 313264 313280
2616 2628 76992 77040 312672 312704
2624 2660 76960 77040 312624 312704
2632 2640 76000 76032 312944 312960
2636 2648 76112 76160 313168 313200
2644 2684 75920 76048 313008 313136
2644 2656 76432 76480 313152 313184
2648 2652 75808 75824 312592 312592
2648 2660 75840 75888 312992 313024
2652 2668 76880 76928 312832 312880
2656 2676 76048 76128 313088 313136
2668 2680 76000 76064 312816 312864
2668 2688 76848 76928 312576 312640
2668 2680 76912 76992 312432 312464
2672 2680 76304 76352 313120 313136
2672 2688 76752 76800 312992 313024
2676 2684 75920 75952 312464 312480
2676 2676 76928 76928 312672 312672
2688 2696 76800 76848 312608 312640
2688 2712 76032 76112 312656 312720
2692 2708 76352 76528 312976 313056
2692 2704 76592 76640 312736 312768
2692 2708 76640 76736 312656 312720
2696 2712 76336 76416 312896 312960
2696 2724 76096 76176 312832 312912
2696 2708 76752 76800 312624 312672
2664 2696 78224 78320 310912 310976
2680 2684 78208 78240 310960 310976
2672 2680 81856 81920 314080 314128
2680 2696 81904 81968 314000 314048
2604 2620 81600 81664 314672 314704
2608 2624 81440 81488 315152 315184
2636 2648 81232 81280 315488 315520
2640 2652 81728 81776 314368 314400
2648 2660 81200 81248 315536 315568
2756 2776 72720 72768 317648 317696
2788 2824 72624 72720 317712 317792
2752 2764 75264 75296 313072 313104
2760 2772 75376 75424 313008 313040
2764 2776 75184 75232 313088 313120
2796 2808 75152 75200 313184 313216
2704 2720 76720 76768 312272 312304
2712 2720 76720 76752 312192 312208
2720 2736 76208 76272 312080 312112
2728 2744 76448 76496 312048 312096
2732 2744 76240 76288 312032 312048
2736 2740 76640 76672 312272 312288
2724 2744 76080 76160 312320 312416
2740 2756 76400 76480 312144 312192
2752 2760 76272 76304 312080 312112
2752 2768 76416 76496 312240 312304
2756 2768 76272 76304 312128 312160
2760 2776 76320 76384 312064 312096
2760 2776 76464 76528 312176 312224
2768 2780 76448 76512 312096 312128
2772 2784 76352 76400 312000 312032
2704 2716 76304 76416 312784 312864
2700 2716 76672 76736 312784 312816
2708 2728 76560 76656 312336 312416
2712 2724 75792 75840 312816 312864
2712 2720 75856 75904 312624 312656
2716 2732 75824 75888 312752 312800
2716 2716 76272 76272 312896 312896
2720 2732 76480 76512 312448 312480
2720 2720 76608 76608 312320 312320
2724 2736 75968 76016 312704 312736
2724 2740 76368 76416 312624 312656
2728 2740 76432 76464 312448 312480
2728 2744 76528 76592 312352 312400
2736 2752 76368 76432 312496 312528
2740 2760 76256 76368 312416 312496
2740 2748 76336 76368 312544 312576
2744 2760 76512 76560 312320 312352
2744 2744 76320 76320 312320 312320
2780 2796 79760 79808 310128 310192
2792 2800 79872 79904 310128 310160
2712 2724 78720 78816 310768 310816
2736 2752 79168 79344 310528 310624
2756 2772 79456 79504 310304 310352
2752 2760 79808 79824 316448 316480
2768 2776 78880 78928 316672 316704
2728 2740 80752 80864 311552 311648
2728 2740 80288 80320 311216 311248
2740 2752 79888 80048 310832 310944
2768 2784 81104 81152 312000 312032
2776 2792 81328 81392 312160 312208
2764 2776 81648 81696 312512 312544
2764 2776 81648 81680 312464 312496
2724 2744 80448 80560 316192 316256
2732 2740 80608 80640 316176 316192
2724 2736 81984 82032 313744 313776
2740 2748 81920 81968 313552 313584
2764 2776 81952 82000 313312 313360
2768 2784 81968 82016 313248 313296
2808 2820 72672 72720 317776 317808
2872 2884 72432 72464 318016 318048
2820 2836 75200 75248 313280 313328
2856 2868 75136 75168 313296 313328
2876 2888 74688 74720 313744 313776
2860 2876 76336 76400 311744 311808
2880 2896 76400 76512 311696 311744
2848 2864 77456 77504 317280 317328
2888 2908 76368 76432 311696 311808
2904 2916 72400 72448 318208 318240
2944 2956 72080 72128 318448 318480
2964 2976 74240 74288 314432 314464
2980 2996 74176 74304 314528 314576
2992 3012 74160 74192 314608 314640
2924 2944 76720 76800 311408 311472
2956 2964 76864 76896 311264 311296
2972 2992 75872 75968 311520 311568
2992 3008 77456 77520 311056 311104
2908 2920 76848 76896 317584 317632
2992 3004 79648 79712 309824 309888
2992 3004 79728 79776 309792 309824
2944 2960 79744 79824 311648 311728
2996 3012 78288 78352 310800 310864
2980 2992 81440 81472 307696 307728
2988 3000 81520 81552 307568 307600
2992 3000 81344 81392 307776 307808
2924 2940 80128 80192 312080 312160
2928 2940 80272 80304 312256 312272
2960 2976 80400 80448 312512 312544
3084 3104 69024 69088 319616 319664
3084 3096 69552 69584 319472 319504
3036 3048 71344 71408 318752 318784
3084 3100 70464 70512 319120 319152
3028 3044 73264 73312 315232 315264
3032 3044 73344 73392 315248 315280
3096 3096 73104 73120 315568 315584
3012 3024 71680 71760 318624 318656
3020 3032 75344 75408 311392 311424
3040 3052 75056 75136 311360 311376
3040 3060 75216 75280 313184 313216
3016 3028 73792 73824 314848 314880
3068 3080 74176 74224 314912 314944
3060 3072 76112 76160 317776 317824
3000 3012 78624 78688 311072 311104
3004 3020 79296 79392 311312 311360
3004 3012 78224 78256 310864 310880
3000 3012 81552 81600 307360 307392
3000 3016 81648 81696 307056 307104
3012 3024 81184 81232 308144 308192
3012 3024 81152 81200 308208 308240
3008 3016 80032 80064 309424 309440
3008 3024 80848 80896 308560 308608
3012 3024 80400 80448 309056 309088
3012 3024 80448 80496 309024 309056
3020 3032 81056 81104 308352 308384
3132 3132 68576 68576 319888 319888
3108 3108 73120 73136 315568 315568
3172 3184 72608 72640 316000 316032
3112 3128 74496 74560 311232 311280
3132 3144 74240 74288 311264 311296
3136 3156 75488 75568 313184 313248
3156 3168 74208 74256 315312 315360
3168 3188 62288 62352 314144 314192
3172 3188 73504 73552 311120 311152
3188 3196 73376 73408 311088 311120
3176 3196 72416 72576 316080 316208
3180 3188 72000 72032 316480 316512
3188 3204 72032 72128 316448 316512
3184 3208 75744 75840 317712 317760
3180 3196 75808 75856 317664 317712
3212 3224 62112 62160 313952 314000
3272 3292 63152 63280 314768 314816
3200 3212 68016 68048 320096 320128
3244 3252 67872 67904 320160 320176
3244 3256 71328 71360 317008 317040
3248 3260 71328 71360 317072 317088
3268 3284 71232 71280 317104 317152
3200 3212 72272 72304 311344 311376
3204 3216 73056 73104 311088 311136
3204 3216 72400 72448 311280 311328
3204 3216 72288 72336 311392 311424
3208 3224 72992 73040 311104 311136
3256 3268 71888 71936 312096 312144
3276 3292 71824 71872 312336 312384
3232 3244 75712 75744 313120 313136
3200 3212 74448 74496 315520 315552
3220 3232 74416 74464 315584 315632
3368 3380 65280 65328 314976 315024
3308 3320 67456 67504 320320 320352
3344 3352 67344 67392 320480 320496
3316 3324 71296 71328 312672 312688
3328 3340 71008 71056 312800 312832
3336 3336 71248 71248 312736 312736
3356 3360 70800 70816 312848 312864
3376 3384 70576 70608 312912 312928
3392 3412 70448 70512 312848 312896
3336 3360 70912 71024 317424 317520
3392 3408 70304 70384 317680 317728
3304 3316 75168 75200 317728 317760
3332 3344 75040 75088 317728 317776
3388 3408 74336 74400 317968 318000
3368 3376 75808 75840 312976 313008
3416 3428 66656 66720 320592 320624
3436 3440 66368 66400 320704 320720
3436 3452 70256 70352 312896 313008
3400 3412 70160 70208 317792 317824
3428 3444 69888 69936 317968 318000
3440 3452 69776 69824 318032 318064
3460 3464 69712 69744 318112 318128
3408 3420 74848 74912 316304 316352
3444 3452 73984 74016 318208 318240
3460 3472 74992 75040 316640 316688
3496 3508 65664 65712 320944 320976
3496 3512 69056 69152 314848 314912
3492 3512 73520 73632 318592 318752
3484 3496 75840 75904 312752 312800
3544 3560 65072 65216 321136 321216
3596 3612 64480 64544 321728 321776
3576 3588 66112 66144 315920 315952
3596 3608 68400 68432 315392 315424
3516 3544 69360 69440 318224 318272
3580 3588 68944 68976 318400 318432
3588 3596 68832 68864 318464 318480
3524 3536 70080 70112 313824 313856
3536 3552 69680 69760 314368 314448
3588 3612 73392 73456 319616 319744
3500 3524 75120 75184 316880 316944
3572 3588 76128 76176 312128 312176
3528 3548 75904 75968 312480 312544
3664 3680 60848 60896 324144 324192
3692 3708 60208 60256 324368 324400
3604 3616 62992 63040 322560 322592
3604 3644 62144 62320 322912 323008
3624 3648 61472 61568 323392 323456
3680 3692 66320 66368 316096 316128
3688 3708 66384 66448 316064 316112
3688 3704 67072 67136 316064 316096
3628 3648 68048 68160 315504 315568
3660 3676 68384 68464 318720 318784
3620 3636 73472 73536 320320 320368
3640 3656 73472 73520 320688 320736
3672 3684 73264 73312 321616 321648
3684 3696 73040 73088 322288 322336
3660 3676 72480 72528 322928 322960
3676 3692 72560 72624 323328 323360
3676 3688 72768 72832 322592 322640
3616 3636 75296 75376 317248 317312
3664 3676 76320 76368 311744 311776
3744 3760 59712 59760 324368 324400
3700 3712 65072 65120 316640 316672
3700 3704 65296 65312 316512 316528
3708 3716 65440 65472 316416 316432
3708 3720 65600 65648 316336 316384
3732 3744 76176 76208 311472 311504
3744 3744 76208 76224 311440 311456
3776 3796 73024 73088 323840 323888
3764 3776 75856 75888 311232 311264
3848 3868 59264 59328 324240 324288
3852 3864 68480 68528 319968 320016
3896 3908 73360 73392 323808 323840
3804 3820 75552 75616 317952 318016
3876 3888 75712 75760 318448 318480
3924 3944 59040 59104 324656 324688
3900 3912 68352 68400 320208 320240
3988 4000 68064 68112 320512 320528
3980 3996 75856 75920 318912 318960
4008 4032 58992 59072 325328 325408
4036 4044 59008 59040 325664 325680
4004 4036 67920 68016 320592 320672
4072 4088 58832 58880 326144 326176
4076 4092 58912 58960 326080 326112
4064 4076 73616 73664 323744 323776
4036 4052 75888 75952 318992 319024
4104 4120 58736 58800 326400 326448
4132 4144 67360 67392 321152 321184
4172 4188 66912 66944 321664 321696
4100 4116 67584 67648 320896 320928
4200 4216 66672 66768 321856 321920
4288 4300 66064 66128 322336 322368
4296 4308 65888 65936 322352 322384
4200 4212 74224 74272 323776 323808
4392 4408 61168 61280 324912 324992
4396 4412 60656 60768 325216 325280
4384 4400 61888 62032 324304 324416
4396 4396 61824 61824 324496 324496
4416 4428 60336 60384 325312 325344
4456 4472 59536 59600 325440 325488
4436 4448 63120 63168 324016 324048
4436 4448 63184 63216 324016 324032
4444 4460 63312 63376 323952 323984
4408 4428 65024 65232 322656 322768
4452 4464 64128 64192 323200 323248
4452 4468 64304 64368 323056 323104
4452 4464 64128 64160 323152 323184
4452 4464 64224 64256 323136 323168
4464 4480 63776 63840 323648 323696
4540 4560 58544 58672 325952 326048
4656 4672 57120 57168 327168 327216
4680 4692 56176 56224 328688 328720
4684 4704 56416 56480 328192 328272
4700 4712 56672 56704 327840 327856
4700 4712 56784 56848 327504 327568
4700 4708 55808 55840 329264 329296
4724 4736 55744 55792 329360 329408
4744 4772 55504 55616 329664 329840
4776 4784 55504 55536 329888 329920
4800 4816 54816 54880 330352 330384
4804 4820 55088 55184 330128 330192
4816 4832 54704 54752 330528 330576
4828 4844 54704 54752 330560 330608
4844 4860 54512 54624 330784 330896
4872 4880 54064 54080 331200 331216
