2196 2196 75536 75536 312496 312496
2104 2104 76224 76224 310528 310528
2364 2376 75936 75968 312752 312768
2400 2408 75824 75840 312816 312832
2404 2404 76256 76288 312768 312800
2412 2416 75856 75888 312832 312864
2428 2432 76016 76048 312464 312496
2464 2472 76816 76864 312656 312688
2472 2480 76816 76864 312384 312416
2480 2484 76864 76880 312960 312960
2584 2584 75760 75760 312704 312720
2588 2588 75760 75760 312688 312688
2528 2532 75888 75904 312304 312304
2528 2528 76016 76032 312224 312240
2544 2544 75904 75904 312272 312288
2584 2584 75904 75904 312240 312240
2584 2584 76224 76256 312064 312096
2588 2588 75904 75904 312192 312192
2588 2592 75904 75936 312224 312240
2588 2588 75888 75888 312208 312208
2588 2588 75904 75904 312208 312208
2500 2504 76144 76208 312320 312336
2548 2556 75808 75840 313072 313088
2564 2564 76768 76768 313232 313232
2568 2580 76480 76512 313408 313424
2568 2568 76768 76768 313232 313232
2576 2580 76288 76320 314080 314096
2576 2576 77072 77088 312496 312496
2588 2588 76976 76976 312624 312624
2588 2588 76992 76992 312608 312608
2588 2588 76992 76992 312624 312624
2592 2600 76432 76480 313344 313376
2592 2592 76640 76640 313216 313216
2604 2604 75216 75216 315344 315344
2608 2608 75200 75216 315328 315344
2600 2604 76192 76240 313232 313264
2644 2644 73664 73664 317200 317200
2624 2628 76896 76928 311776 311792
2628 2636 75856 75888 312208 312224
2648 2648 76880 76880 311824 311824
2648 2652 76912 76944 311664 311680
2652 2652 76944 76976 312224 312240
2652 2664 76960 76992 312240 312288
2652 2664 76048 76080 312064 312096
2652 2660 77232 77264 311568 311584
2656 2660 76864 76896 311808 311824
2656 2656 76800 76832 311824 311840
2656 2656 76864 76864 311824 311824
2664 2664 76768 76768 310688 310688
2664 2664 76768 76768 310704 310704
2664 2680 76784 76816 312224 312272
2672 2672 76784 76816 311744 311760
2676 2684 76768 76800 311824 311840
2676 2676 76800 76800 311744 311744
2680 2680 76784 76784 312240 312240
2684 2692 76704 76736 311280 311296
2692 2696 76128 76160 312160 312176
2692 2692 76720 76720 311296 311296
2644 2652 76944 76976 312624 312656
2652 2652 76960 76960 312640 312640
2652 2652 76976 76976 312640 312640
2656 2664 76928 76960 312544 312576
2672 2676 75808 75840 312736 312752
2684 2688 76976 76992 312480 312496
2684 2696 76848 76896 312656 312688
2688 2696 76880 76912 312624 312656
2688 2696 76032 76096 312736 312768
2688 2692 76832 76864 312480 312496
2692 2696 76704 76768 312320 312336
2720 2720 76720 76736 312096 312128
2716 2720 76688 76720 312144 312176
2720 2720 76736 76736 312144 312144
2720 2720 76736 76736 312160 312160
2732 2736 76496 76496 312032 312032
2736 2744 76512 76544 312048 312064
2740 2744 76176 76176 312208 312224
2752 2764 76560 76592 312192 312224
2700 2708 75904 75936 312528 312560
2716 2720 76208 76256 312848 312896
2720 2720 76416 76416 312320 312320
2768 2768 78896 78896 316688 316688
2736 2740 79872 79904 310816 310832
3032 3040 73328 73376 315184 315216
3056 3056 75216 75232 313232 313248
3252 3252 67904 67904 320160 320160
3256 3256 67888 67888 320160 320160
3248 3256 71904 71936 311968 312000
3248 3248 71936 71936 311984 311984
3484 3496 65728 65760 320960 320976
3888 3896 75744 75760 318544 318560
3972 3980 75904 75952 318928 318960
